! years considered: 2015 2016 2017 2018 2019 2020 2021 2022 
January 310  390  278  335  337  293  296  354  
February 296  316  287  291  300  310  347  330  
March 386  355  374  332  349  374  382  479  
April 371  374  369  315  350  351  414  465  
May 391  405  391  417  396  357  415  443  
June 382  408  344  331  344  408  363  348  
July 473  430  320  386  397  397  451  439  
August 341  353  328  361  338  368  370  397  
September 401  366  374  353  381  357  406  376  
October 498  316  390  392  378  360  458  355  
November 362  419  431  461  398  357  419  199  
December 556  436  457  451  457  497  496  0 
