! years considered: 2015 2016 2017 2018 2019 2020 2021 
January 231  265  220  225  216  213  241  
February 257  236  223  236  218  218  234  
March 266  310  306  275  309  274  307  
April 272  276  255  289  286  314  269  
May 303  304  307  303  354  375  310  
June 294  281  309  317  333  336  303  
July 317  315  291  286  314  342  291  
August 281  249  251  281  272  287  258  
September 289  254  259  257  285  295  283  
October 305  310  292  325  317  314  214  
November 327  286  351  334  329  321  0 
December 428  372  369  388  421  383  0 
